27, 8, pa1-unknown-j-output-1.txt
  199.09,   199.35,   206.59
  395.67,   391.66,   192.13
  208.48,   211.63,   209.03
  208.88,   212.76,   334.02
  209.28,   213.89,   459.02
  212.00,   336.58,   207.89
  212.40,   337.70,   332.88
  212.80,   338.83,   457.88
  215.53,   461.52,   206.75
  215.93,   462.65,   331.74
  216.33,   463.78,   456.74
  333.43,   208.10,   208.66
  333.83,   209.23,   333.65
  334.23,   210.36,   458.65
  336.95,   333.05,   207.52
  337.35,   334.18,   332.52
  337.75,   335.31,   457.51
  340.48,   457.99,   206.38
  340.88,   459.12,   331.38
  341.27,   460.25,   456.37
  458.38,   204.58,   208.29
  458.78,   205.71,   333.29
  459.18,   206.83,   458.28
  461.90,   329.52,   207.15
  462.30,   330.65,   332.15
  462.70,   331.78,   457.14
  465.43,   454.47,   206.02
  465.83,   455.60,   331.01
  466.22,   456.72,   456.00
  208.07,   211.40,   448.56
  210.98,   213.86,   573.50
  213.89,   216.33,   698.44
  205.73,   336.36,   446.15
  208.64,   338.82,   571.09
  211.55,   341.28,   696.04
  203.38,   461.31,   443.74
  206.29,   463.77,   568.69
  209.20,   466.24,   693.63
  333.02,   213.69,   445.60
  335.92,   216.15,   570.55
  338.83,   218.61,   695.49
  330.67,   338.65,   443.20
  333.58,   341.11,   568.14
  336.49,   343.57,   693.08
  328.33,   463.60,   440.79
  331.24,   466.06,   565.73
  334.14,   468.52,   690.67
  457.96,   215.98,   442.65
  460.87,   218.44,   567.59
  463.78,   220.90,   692.53
  455.61,   340.93,   440.24
  458.52,   343.40,   565.18
  461.43,   345.86,   690.13
  453.27,   465.89,   437.84
  456.18,   468.35,   562.78
  459.09,   470.81,   687.72
  210.93,   451.30,   208.88
  208.91,   451.79,   333.86
  206.89,   452.28,   458.85
  209.51,   576.30,   208.37
  207.49,   576.78,   333.35
  205.47,   577.27,   458.34
  208.09,   701.29,   207.86
  206.07,   701.77,   332.85
  204.05,   702.26,   457.83
  335.90,   452.73,   210.90
  333.88,   453.22,   335.88
  331.86,   453.70,   460.86
  334.48,   577.72,   210.39
  332.46,   578.21,   335.37
  330.44,   578.70,   460.35
  333.07,   702.71,   209.88
  331.05,   703.20,   334.86
  329.02,   703.69,   459.84
  460.88,   454.16,   212.91
  458.86,   454.64,   337.89
  456.84,   455.13,   462.88
  459.46,   579.15,   212.40
  457.44,   579.64,   337.39
  455.42,   580.12,   462.37
  458.04,   704.14,   211.89
  456.02,   704.63,   336.88
  454.00,   705.11,   461.86
  210.56,   448.76,   449.56
  208.25,   451.68,   574.51
  205.94,   454.60,   699.45
  207.67,   573.69,   446.59
  205.36,   576.61,   571.53
  203.05,   579.53,   696.48
  204.78,   698.62,   443.62
  202.47,   701.54,   568.56
  200.16,   704.46,   693.51
  335.51,   451.70,   451.80
  333.20,   454.62,   576.75
  330.88,   457.54,   701.69
  332.62,   576.63,   448.83
  330.31,   579.55,   573.78
  327.99,   582.47,   698.72
  329.73,   701.57,   445.86
  327.41,   704.48,   570.80
  325.10,   707.40,   695.75
  460.45,   454.65,   454.05
  458.14,   457.57,   578.99
  455.83,   460.49,   703.94
  457.56,   579.58,   451.07
  455.25,   582.50,   576.02
  452.94,   585.42,   700.96
  454.67,   704.51,   448.10
  452.36,   707.43,   573.05
  450.05,   710.35,   697.99
  450.00,   210.32,   208.24
  451.15,   209.19,   333.23
  452.31,   208.05,   458.22
  453.38,   335.27,   209.34
  454.53,   334.13,   334.33
  455.69,   333.00,   459.32
  456.76,   460.22,   210.44
  457.92,   459.08,   335.43
  459.07,   457.95,   460.42
  574.95,   206.95,   207.05
  576.10,   205.81,   332.04
  577.26,   204.68,   457.03
  578.33,   331.90,   208.16
  579.48,   330.76,   333.14
  580.64,   329.63,   458.13
  581.71,   456.85,   209.26
  582.87,   455.71,   334.25
  584.02,   454.58,   459.24
  699.90,   203.58,   205.87
  701.05,   202.44,   330.86
  702.21,   201.31,   455.85
  703.28,   328.53,   206.97
  704.43,   327.39,   331.96
  705.59,   326.26,   456.95
  706.66,   453.47,   208.07
  707.81,   452.34,   333.06
  708.97,   451.21,   458.05
  451.39,   208.80,   448.01
  452.54,   207.59,   573.00
  453.70,   206.39,   697.99
  448.18,   333.75,   449.25
  449.33,   332.54,   574.23
  450.49,   331.34,   699.22
  444.97,   458.70,   450.48
  446.12,   457.50,   575.47
  447.28,   456.29,   700.46
  576.34,   212.02,   446.89
  577.50,   210.81,   571.88
  578.65,   209.61,   696.86
  573.13,   336.97,   448.12
  574.29,   335.76,   573.11
  575.44,   334.56,   698.10
  569.92,   461.92,   449.36
  571.08,   460.72,   574.34
  572.23,   459.51,   699.33
  701.29,   215.24,   445.76
  702.45,   214.03,   570.75
  703.60,   212.83,   695.74
  698.08,   340.19,   447.00
  699.24,   338.99,   571.99
  700.40,   337.78,   696.97
  694.87,   465.14,   448.23
  696.03,   463.94,   573.22
  697.19,   462.73,   698.21
  448.38,   449.89,   210.84
  444.96,   451.86,   335.78
  441.54,   453.84,   460.72
  446.78,   574.86,   208.82
  443.36,   576.84,   333.76
  439.94,   578.81,   458.70
  445.19,   699.83,   206.80
  441.77,   701.81,   331.74
  438.35,   703.79,   456.68
  573.32,   451.54,   214.24
  569.90,   453.51,   339.18
  566.48,   455.49,   464.11
  571.72,   576.51,   212.22
  568.31,   578.49,   337.15
  564.89,   580.46,   462.09
  570.13,   701.48,   210.19
  566.71,   703.46,   335.13
  563.29,   705.44,   460.07
  698.26,   453.19,   217.63
  694.84,   455.16,   342.57
  691.42,   457.14,   467.51
  696.67,   578.16,   215.61
  693.25,   580.14,   340.55
  689.83,   582.11,   465.49
  695.07,   703.13,   213.59
  691.65,   705.11,   338.53
  688.23,   707.09,   463.46
  451.88,   448.43,   448.00
  453.96,   446.96,   572.98
  456.04,   445.49,   697.95
  451.70,   573.42,   449.48
  453.78,   571.95,   574.45
  455.86,   570.48,   699.42
  451.52,   698.42,   450.95
  453.60,   696.94,   575.93
  455.68,   695.47,   700.90
  576.86,   448.64,   445.93
  578.94,   447.17,   570.90
  581.02,   445.69,   695.87
  576.69,   573.63,   447.40
  578.76,   572.16,   572.38
  580.84,   570.68,   697.35
  576.51,   698.62,   448.88
  578.58,   697.15,   573.85
  580.66,   695.68,   698.82
  701.85,   448.84,   443.85
  703.93,   447.37,   568.82
  706.00,   445.90,   693.80
  701.67,   573.83,   445.33
  703.75,   572.36,   570.30
  705.82,   570.89,   695.27
  701.49,   698.82,   446.80
  703.57,   697.35,   571.77
  705.65,   695.88,   696.75
