27, 8, pa1-debug-e-output-1.txt
  200.10,   190.79,   207.49
  399.81,   395.71,   204.72
  210.17,   208.54,   208.08
  208.91,   209.93,   333.06
  207.66,   211.32,   458.05
  210.59,   333.53,   206.69
  209.33,   334.92,   331.68
  208.07,   336.31,   456.66
  211.00,   458.53,   205.31
  209.74,   459.91,   330.30
  208.49,   461.30,   455.28
  335.17,   208.14,   209.34
  333.91,   209.53,   334.32
  332.65,   210.92,   459.31
  335.58,   333.13,   207.96
  334.32,   334.52,   332.94
  333.06,   335.91,   457.93
  336.00,   458.13,   206.57
  334.74,   459.51,   331.56
  333.48,   460.90,   456.54
  460.16,   207.74,   210.60
  458.90,   209.13,   335.59
  457.64,   210.52,   460.57
  460.57,   332.73,   209.22
  459.32,   334.12,   334.20
  458.06,   335.51,   459.19
  460.99,   457.72,   207.83
  459.73,   459.11,   332.82
  458.47,   460.50,   457.81
  208.43,   208.75,   448.54
  205.93,   208.03,   573.51
  203.43,   207.32,   698.48
  210.13,   333.73,   449.29
  207.64,   333.02,   574.26
  205.14,   332.30,   699.23
  211.84,   458.72,   450.04
  209.34,   458.00,   575.01
  206.84,   457.29,   699.98
  333.39,   207.03,   451.02
  330.90,   206.31,   576.00
  328.40,   205.60,   700.97
  335.10,   332.02,   451.77
  332.60,   331.30,   576.75
  330.10,   330.58,   701.72
  336.80,   457.00,   452.52
  334.30,   456.29,   577.50
  331.81,   455.57,   702.47
  458.36,   205.31,   453.51
  455.86,   204.59,   578.49
  453.36,   203.88,   703.46
  460.06,   330.30,   454.26
  457.56,   329.58,   579.24
  455.06,   328.87,   704.21
  461.77,   455.28,   455.01
  459.27,   454.57,   579.99
  456.77,   453.85,   704.96
  209.62,   450.57,   209.28
  209.79,   451.64,   334.27
  209.96,   452.71,   459.27
  209.44,   575.57,   208.21
  209.61,   576.63,   333.21
  209.78,   577.70,   458.20
  209.25,   700.56,   207.14
  209.43,   701.63,   332.14
  209.60,   702.70,   457.13
  334.62,   450.75,   209.11
  334.79,   451.82,   334.10
  334.96,   452.89,   459.10
  334.44,   575.75,   208.04
  334.61,   576.82,   333.03
  334.78,   577.88,   458.03
  334.25,   700.74,   206.97
  334.43,   701.81,   331.97
  334.60,   702.88,   456.96
  459.62,   450.93,   208.94
  459.79,   452.00,   333.93
  459.96,   453.07,   458.93
  459.44,   575.93,   207.87
  459.61,   577.00,   332.86
  459.78,   578.06,   457.86
  459.25,   700.92,   206.80
  459.42,   701.99,   331.79
  459.60,   703.06,   456.79
  208.09,   449.08,   450.79
  204.98,   447.22,   575.74
  201.87,   445.37,   700.69
  206.62,   574.06,   452.61
  203.51,   572.20,   577.56
  200.39,   570.35,   702.51
  205.15,   699.03,   454.43
  202.03,   697.18,   579.38
  198.92,   695.33,   704.32
  333.05,   450.50,   453.93
  329.93,   448.65,   578.88
  326.82,   446.80,   703.82
  331.57,   575.48,   455.75
  328.46,   573.63,   580.69
  325.35,   571.78,   705.64
  330.10,   700.46,   457.56
  326.99,   698.61,   582.51
  323.87,   696.75,   707.46
  458.00,   451.93,   457.06
  454.89,   450.08,   582.01
  451.77,   448.23,   706.96
  456.53,   576.91,   458.88
  453.41,   575.06,   583.83
  450.30,   573.20,   708.77
  455.05,   701.89,   460.70
  451.94,   700.04,   585.64
  448.83,   698.18,   710.59
  450.30,   209.68,   211.91
  448.24,   209.16,   336.89
  446.17,   208.63,   461.87
  447.59,   334.65,   212.39
  445.52,   334.13,   337.37
  443.45,   333.60,   462.35
  444.87,   459.62,   212.87
  442.80,   459.10,   337.85
  440.74,   458.57,   462.83
  575.26,   212.39,   213.98
  573.19,   211.87,   338.97
  571.12,   211.34,   463.95
  572.54,   337.36,   214.46
  570.47,   336.84,   339.45
  568.41,   336.31,   464.43
  569.82,   462.33,   214.94
  567.76,   461.81,   339.93
  565.69,   461.28,   464.91
  700.21,   215.10,   216.06
  698.14,   214.58,   341.04
  696.08,   214.05,   466.02
  697.49,   340.07,   216.54
  695.43,   339.55,   341.52
  693.36,   339.02,   466.50
  694.77,   465.04,   217.02
  692.71,   464.52,   342.00
  690.64,   463.99,   466.98
  451.49,   208.97,   450.15
  454.79,   207.09,   575.10
  458.09,   205.21,   700.04
  454.30,   333.93,   451.96
  457.60,   332.05,   576.90
  460.90,   330.17,   701.84
  457.11,   458.88,   453.76
  460.41,   457.00,   578.71
  463.71,   455.12,   703.65
  576.42,   206.21,   446.81
  579.72,   204.33,   571.75
  583.02,   202.45,   696.70
  579.22,   331.17,   448.62
  582.52,   329.29,   573.56
  585.83,   327.41,   698.50
  582.03,   456.12,   450.42
  585.33,   454.24,   575.36
  588.63,   452.37,   700.31
  701.34,   203.45,   443.47
  704.64,   201.57,   568.41
  707.94,   199.70,   693.35
  704.15,   328.41,   445.27
  707.45,   326.53,   570.22
  710.75,   324.65,   695.16
  706.96,   453.36,   447.08
  710.26,   451.49,   572.02
  713.56,   449.61,   696.96
  451.66,   451.13,   208.74
  452.82,   448.56,   333.71
  453.99,   445.99,   458.68
  450.37,   576.09,   211.32
  451.54,   573.52,   336.29
  452.70,   570.95,   461.26
  449.09,   701.06,   213.90
  450.25,   698.49,   338.87
  451.41,   695.92,   463.84
  576.65,   452.43,   207.60
  577.81,   449.87,   332.57
  578.97,   447.30,   457.54
  575.36,   577.40,   210.19
  576.53,   574.83,   335.15
  577.69,   572.26,   460.12
  574.08,   702.37,   212.77
  575.24,   699.80,   337.73
  576.40,   697.23,   462.70
  701.64,   453.74,   206.47
  702.80,   451.18,   331.44
  703.96,   448.61,   456.40
  700.35,   578.71,   209.05
  701.51,   576.14,   334.02
  702.68,   573.57,   458.99
  699.06,   703.68,   211.63
  700.23,   701.11,   336.60
  701.39,   698.54,   461.57
  450.16,   450.07,   448.68
  451.29,   449.02,   573.67
  452.41,   447.97,   698.66
  451.79,   575.05,   449.71
  452.91,   574.01,   574.70
  454.04,   572.96,   699.69
  453.41,   700.04,   450.74
  454.54,   698.99,   575.73
  455.66,   697.94,   700.72
  575.15,   448.45,   447.54
  576.27,   447.40,   572.53
  577.39,   446.36,   697.52
  576.77,   573.43,   448.57
  577.90,   572.39,   573.57
  579.02,   571.34,   698.56
  578.40,   698.42,   449.61
  579.52,   697.37,   574.60
  580.65,   696.33,   699.59
  700.13,   446.83,   446.41
  701.25,   445.79,   571.40
  702.38,   444.74,   696.39
  701.76,   571.82,   447.44
  702.88,   570.77,   572.43
  704.00,   569.73,   697.42
  703.38,   696.80,   448.47
  704.51,   695.76,   573.46
  705.63,   694.71,   698.45
