27, 8, pa1-unknown-h-output-1.txt
  206.54,   193.32,   191.42
  392.34,   406.92,   200.83
  211.26,   208.33,   208.38
  215.00,   211.77,   333.28
  218.73,   215.21,   458.18
  210.99,   333.29,   204.95
  214.73,   336.72,   329.85
  218.47,   340.16,   454.74
  210.73,   458.24,   201.52
  214.47,   461.68,   326.41
  218.21,   465.12,   451.31
  336.20,   208.49,   204.64
  339.94,   211.93,   329.53
  343.68,   215.37,   454.43
  335.94,   333.45,   201.21
  339.68,   336.88,   326.10
  343.41,   340.32,   451.00
  335.67,   458.40,   197.77
  339.41,   461.84,   322.67
  343.15,   465.28,   447.57
  461.14,   208.65,   200.89
  464.88,   212.09,   325.79
  468.62,   215.53,   450.69
  460.88,   333.61,   197.46
  464.62,   337.05,   322.36
  468.36,   340.48,   447.25
  460.62,   458.56,   194.03
  464.36,   462.00,   318.93
  468.10,   465.44,   443.82
  208.27,   210.42,   450.82
  209.80,   208.79,   575.80
  211.34,   207.16,   700.78
  205.94,   335.39,   452.48
  207.47,   333.76,   577.46
  209.01,   332.13,   702.44
  203.61,   460.36,   454.14
  205.15,   458.73,   579.12
  206.68,   457.10,   704.10
  333.24,   212.77,   449.32
  334.77,   211.14,   574.30
  336.30,   209.51,   699.28
  330.91,   337.74,   450.97
  332.44,   336.11,   575.95
  333.98,   334.48,   700.93
  328.58,   462.71,   452.63
  330.12,   461.08,   577.61
  331.65,   459.45,   702.59
  458.21,   215.12,   447.81
  459.74,   213.49,   572.79
  461.27,   211.86,   697.77
  455.88,   340.09,   449.47
  457.41,   338.46,   574.45
  458.95,   336.83,   699.43
  453.55,   465.05,   451.13
  455.08,   463.42,   576.11
  456.62,   461.79,   701.09
  209.38,   450.55,   211.78
  209.93,   448.91,   336.77
  210.48,   447.28,   461.76
  210.36,   575.53,   213.41
  210.92,   573.90,   338.40
  211.47,   572.27,   463.38
  211.35,   700.52,   215.04
  211.91,   698.89,   340.02
  212.46,   697.25,   465.01
  334.37,   449.57,   211.21
  334.93,   447.93,   336.20
  335.48,   446.30,   461.19
  335.36,   574.55,   212.84
  335.91,   572.92,   337.83
  336.47,   571.29,   462.82
  336.35,   699.54,   214.47
  336.90,   697.90,   339.46
  337.46,   696.27,   464.45
  459.37,   448.59,   210.65
  459.92,   446.95,   335.63
  460.47,   445.32,   460.62
  460.35,   573.57,   212.27
  460.91,   571.94,   337.26
  461.46,   570.31,   462.25
  461.34,   698.56,   213.90
  461.90,   696.92,   338.89
  462.45,   695.29,   463.88
  208.88,   448.23,   448.43
  212.28,   445.77,   573.36
  215.68,   443.32,   698.29
  208.17,   573.20,   450.90
  211.56,   570.75,   575.83
  214.96,   568.29,   700.76
  207.45,   698.17,   453.38
  210.85,   695.72,   578.31
  214.25,   693.27,   703.24
  333.83,   449.01,   445.05
  337.23,   446.55,   569.98
  340.63,   444.10,   694.91
  333.12,   573.98,   447.52
  336.52,   571.53,   572.45
  339.91,   569.07,   697.38
  332.41,   698.95,   449.99
  335.80,   696.50,   574.92
  339.20,   694.05,   699.85
  458.78,   449.79,   441.66
  462.18,   447.33,   566.59
  465.58,   444.88,   691.52
  458.07,   574.76,   444.14
  461.47,   572.31,   569.07
  464.87,   569.85,   694.00
  457.36,   699.73,   446.61
  460.76,   697.28,   571.54
  464.15,   694.83,   696.47
  448.82,   210.02,   209.58
  451.88,   209.04,   334.54
  454.94,   208.07,   459.50
  451.31,   334.99,   210.49
  454.36,   334.02,   335.45
  457.42,   333.05,   460.41
  453.79,   459.96,   211.40
  456.85,   458.99,   336.36
  459.90,   458.02,   461.32
  573.76,   207.55,   206.51
  576.82,   206.58,   331.47
  579.87,   205.61,   456.42
  576.25,   332.53,   207.42
  579.30,   331.56,   332.38
  582.36,   330.59,   457.33
  578.73,   457.50,   208.33
  581.79,   456.53,   333.29
  584.84,   455.56,   458.24
  698.70,   205.09,   203.43
  701.76,   204.12,   328.39
  704.81,   203.15,   453.35
  701.18,   330.07,   204.34
  704.24,   329.10,   329.30
  707.30,   328.12,   454.26
  703.67,   455.04,   205.25
  706.72,   454.07,   330.21
  709.78,   453.10,   455.17
  449.15,   209.11,   448.45
  450.23,   208.16,   573.44
  451.32,   207.22,   698.44
  450.78,   334.09,   449.38
  451.87,   333.15,   574.37
  452.96,   332.21,   699.36
  452.42,   459.08,   450.31
  453.51,   458.14,   575.30
  454.59,   457.20,   700.29
  574.13,   207.48,   447.35
  575.22,   206.54,   572.35
  576.31,   205.60,   697.34
  575.77,   332.46,   448.28
  576.85,   331.52,   573.27
  577.94,   330.58,   698.26
  577.40,   457.45,   449.21
  578.49,   456.51,   574.20
  579.58,   455.57,   699.19
  699.12,   205.85,   446.26
  700.20,   204.91,   571.25
  701.29,   203.97,   696.24
  700.75,   330.84,   447.18
  701.84,   329.90,   572.17
  702.93,   328.96,   697.17
  702.39,   455.82,   448.11
  703.47,   454.88,   573.10
  704.56,   453.94,   698.09
  451.95,   449.91,   208.55
  451.50,   452.19,   333.53
  451.05,   454.47,   458.51
  455.06,   574.85,   206.28
  454.61,   577.13,   331.26
  454.16,   579.41,   456.24
  458.17,   699.79,   204.02
  457.72,   702.07,   329.00
  457.27,   704.35,   453.98
  576.91,   446.81,   209.06
  576.46,   449.09,   334.03
  576.01,   451.37,   459.01
  580.02,   571.75,   206.79
  579.57,   574.03,   331.77
  579.12,   576.31,   456.75
  583.13,   696.69,   204.52
  582.68,   698.97,   329.50
  582.23,   701.25,   454.48
  701.87,   443.71,   209.56
  701.42,   445.99,   334.54
  700.97,   448.27,   459.52
  704.98,   568.65,   207.29
  704.53,   570.93,   332.27
  704.08,   573.21,   457.25
  708.09,   693.60,   205.03
  707.64,   695.87,   330.01
  707.19,   698.15,   454.99
  450.91,   448.16,   448.59
  448.68,   445.19,   573.53
  446.45,   442.21,   698.47
  450.26,   573.12,   451.54
  448.02,   570.15,   576.49
  445.79,   567.18,   701.43
  449.60,   698.08,   454.50
  447.37,   695.11,   579.45
  445.14,   692.14,   704.39
  575.89,   448.76,   450.83
  573.66,   445.79,   575.78
  571.42,   442.82,   700.72
  575.24,   573.72,   453.79
  573.00,   570.75,   578.74
  570.77,   567.78,   703.68
  574.58,   698.68,   456.75
  572.35,   695.71,   581.70
  570.12,   692.74,   706.64
  700.87,   449.36,   453.08
  698.64,   446.39,   578.03
  696.40,   443.42,   702.97
  700.21,   574.32,   456.04
  697.98,   571.35,   580.99
  695.75,   568.38,   705.93
  699.56,   699.28,   459.00
  697.33,   696.31,   583.95
  695.09,   693.34,   708.89
