27, 8, pa1-debug-g-output-1.txt
  203.25,   202.70,   194.96
  395.23,   394.55,   209.45
  211.08,   209.49,   210.27
  208.94,   211.02,   335.24
  206.79,   212.55,   460.21
  210.29,   334.47,   208.72
  208.15,   336.01,   333.69
  206.01,   337.54,   458.67
  209.50,   459.46,   207.18
  207.36,   460.99,   332.15
  205.22,   462.53,   457.12
  336.06,   210.30,   212.40
  333.92,   211.83,   337.37
  331.77,   213.36,   462.34
  335.27,   335.29,   210.85
  333.13,   336.82,   335.83
  330.99,   338.35,   460.80
  334.48,   460.27,   209.31
  332.34,   461.81,   334.28
  330.20,   463.34,   459.25
  461.04,   211.11,   214.53
  458.90,   212.64,   339.50
  456.75,   214.18,   464.48
  460.25,   336.10,   212.99
  458.11,   337.63,   337.96
  455.97,   339.16,   462.93
  459.46,   461.09,   211.44
  457.32,   462.62,   336.41
  455.18,   464.15,   461.38
  208.58,   209.73,   449.35
  212.17,   212.99,   574.26
  215.76,   216.24,   699.17
  205.65,   334.66,   446.18
  209.24,   337.91,   571.09
  212.83,   341.17,   695.99
  202.73,   459.58,   443.01
  206.32,   462.84,   567.92
  209.91,   466.09,   692.82
  333.49,   212.57,   445.69
  337.08,   215.82,   570.60
  340.67,   219.08,   695.50
  330.57,   337.49,   442.52
  334.16,   340.75,   567.42
  337.75,   344.00,   692.33
  327.64,   462.42,   439.35
  331.23,   465.67,   564.25
  334.82,   468.93,   689.16
  458.41,   215.40,   442.03
  462.00,   218.65,   566.93
  465.59,   221.91,   691.84
  455.48,   340.33,   438.85
  459.07,   343.58,   563.76
  462.66,   346.83,   688.67
  452.56,   465.25,   435.68
  456.15,   468.50,   560.59
  459.74,   471.76,   685.50
  209.80,   448.60,   210.23
  208.40,   449.81,   335.22
  207.00,   451.02,   460.20
  207.96,   573.58,   209.00
  206.56,   574.79,   333.99
  205.16,   576.00,   458.98
  206.13,   698.56,   207.77
  204.73,   699.77,   332.76
  203.33,   700.98,   457.75
  334.78,   450.45,   211.61
  333.38,   451.66,   336.60
  331.98,   452.87,   461.59
  332.94,   575.43,   210.39
  331.54,   576.64,   335.37
  330.14,   577.85,   460.36
  331.11,   700.41,   209.16
  329.71,   701.62,   334.14
  328.31,   702.83,   459.13
  459.76,   452.30,   213.00
  458.36,   453.51,   337.98
  456.96,   454.71,   462.97
  457.92,   577.28,   211.77
  456.52,   578.49,   336.75
  455.12,   579.69,   461.74
  456.09,   702.26,   210.54
  454.69,   703.47,   335.53
  453.29,   704.68,   460.51
  209.18,   451.69,   448.01
  207.97,   453.70,   572.99
  206.76,   455.72,   697.97
  212.79,   576.62,   446.03
  211.58,   578.64,   571.01
  210.37,   580.65,   695.99
  216.40,   701.55,   444.05
  215.19,   703.57,   569.03
  213.98,   705.58,   694.00
  334.12,   448.10,   449.28
  332.91,   450.11,   574.26
  331.70,   452.13,   699.23
  337.73,   573.03,   447.30
  336.52,   575.05,   572.28
  335.31,   577.06,   697.25
  341.34,   697.96,   445.32
  340.13,   699.98,   570.29
  338.92,   702.00,   695.27
  459.06,   444.51,   450.55
  457.85,   446.53,   575.52
  456.64,   448.54,   700.50
  462.67,   569.44,   448.57
  461.46,   571.46,   573.54
  460.25,   573.48,   698.52
  466.28,   694.37,   446.58
  465.07,   696.39,   571.56
  463.86,   698.41,   696.54
  449.04,   211.66,   209.97
  451.63,   214.04,   334.92
  454.22,   216.42,   459.87
  446.46,   336.61,   207.64
  449.05,   338.99,   332.59
  451.63,   341.37,   457.54
  443.88,   461.56,   205.31
  446.47,   463.94,   330.26
  449.05,   466.33,   455.21
  573.99,   214.19,   207.33
  576.58,   216.57,   332.28
  579.16,   218.96,   457.23
  571.41,   339.15,   205.00
  573.99,   341.53,   329.95
  576.58,   343.91,   454.91
  568.83,   464.10,   202.68
  571.41,   466.48,   327.63
  574.00,   468.86,   452.58
  698.94,   216.73,   204.70
  701.52,   219.11,   329.65
  704.11,   221.49,   454.60
  696.36,   341.68,   202.37
  698.94,   344.06,   327.32
  701.53,   346.44,   452.27
  693.77,   466.63,   200.04
  696.36,   469.01,   324.99
  698.94,   471.39,   449.94
  450.52,   211.38,   451.60
  448.38,   213.01,   576.57
  446.24,   214.65,   701.54
  452.60,   336.35,   450.00
  450.46,   337.98,   574.97
  448.32,   339.62,   699.94
  454.68,   461.32,   448.40
  452.54,   462.96,   573.37
  450.40,   464.59,   698.34
  575.49,   209.33,   453.77
  573.35,   210.96,   578.74
  571.20,   212.60,   703.71
  577.57,   334.30,   452.17
  575.42,   335.93,   577.14
  573.28,   337.57,   702.11
  579.65,   459.27,   450.57
  577.50,   460.91,   575.54
  575.36,   462.54,   700.51
  700.45,   207.27,   455.94
  698.31,   208.91,   580.91
  696.17,   210.54,   705.88
  702.53,   332.25,   454.34
  700.39,   333.88,   579.31
  698.25,   335.52,   704.28
  704.61,   457.22,   452.74
  702.47,   458.85,   577.71
  700.33,   460.49,   702.68
  448.79,   448.30,   210.31
  450.07,   451.36,   335.27
  451.35,   454.41,   460.23
  446.14,   573.24,   207.29
  447.42,   576.29,   332.24
  448.71,   579.35,   457.20
  443.49,   698.17,   204.26
  444.77,   701.23,   329.22
  446.06,   704.28,   454.17
  573.76,   450.92,   208.97
  575.04,   453.97,   333.93
  576.32,   457.03,   458.88
  571.11,   575.85,   205.94
  572.39,   578.91,   330.90
  573.67,   581.96,   455.85
  568.46,   700.79,   202.92
  569.74,   703.84,   327.87
  571.02,   706.90,   452.83
  698.72,   453.54,   207.62
  700.00,   456.59,   332.58
  701.29,   459.65,   457.54
  696.07,   578.47,   204.60
  697.35,   581.53,   329.55
  698.64,   584.58,   454.51
  693.42,   703.41,   201.57
  694.71,   706.46,   326.53
  695.99,   709.52,   451.48
  448.66,   450.18,   448.67
  447.45,   448.25,   573.65
  446.24,   446.33,   698.63
  447.13,   575.15,   450.58
  445.92,   573.23,   575.56
  444.72,   571.31,   700.54
  445.61,   700.13,   452.49
  444.40,   698.21,   577.46
  443.19,   696.28,   702.44
  573.64,   451.68,   449.90
  572.44,   449.76,   574.88
  571.23,   447.84,   699.86
  572.12,   576.66,   451.81
  570.91,   574.74,   576.79
  569.70,   572.81,   701.77
  570.59,   701.64,   453.72
  569.38,   699.71,   578.70
  568.17,   697.79,   703.68
  698.63,   453.19,   451.13
  697.42,   451.27,   576.11
  696.21,   449.35,   701.09
  697.10,   578.17,   453.04
  695.89,   576.25,   578.02
  694.69,   574.32,   703.00
  695.58,   703.14,   454.95
  694.37,   701.22,   579.93
  693.16,   699.30,   704.91
