27, 8, pa1-unknown-i-output-1.txt
  204.78,   208.24,   205.60
  407.89,   405.57,   194.97
  209.80,   211.00,   210.40
  210.64,   209.32,   335.38
  211.48,   207.65,   460.37
  206.18,   335.93,   212.09
  207.02,   334.26,   337.08
  207.86,   332.59,   462.06
  202.56,   460.87,   213.79
  203.40,   459.20,   338.77
  204.24,   457.52,   463.76
  334.75,   214.63,   209.60
  335.59,   212.96,   334.59
  336.43,   211.28,   459.58
  331.13,   339.56,   211.30
  331.97,   337.89,   336.29
  332.81,   336.22,   461.27
  327.51,   464.50,   213.00
  328.35,   462.83,   337.98
  329.19,   461.16,   462.97
  459.69,   218.26,   208.81
  460.53,   216.59,   333.80
  461.37,   214.91,   458.79
  456.07,   343.19,   210.51
  456.91,   341.52,   335.50
  457.75,   339.85,   460.48
  452.45,   468.13,   212.21
  453.29,   466.46,   337.19
  454.13,   464.79,   462.18
  210.42,   208.82,   450.89
  209.80,   209.10,   575.89
  209.18,   209.38,   700.88
  209.81,   333.82,   450.60
  209.19,   334.10,   575.60
  208.57,   334.38,   700.60
  209.21,   458.81,   450.32
  208.58,   459.10,   575.32
  207.96,   459.38,   700.32
  335.42,   209.43,   451.51
  334.80,   209.71,   576.51
  334.18,   209.99,   701.50
  334.81,   334.43,   451.22
  334.19,   334.71,   576.22
  333.57,   334.99,   701.22
  334.20,   459.42,   450.94
  333.58,   459.71,   575.94
  332.96,   459.99,   700.94
  460.42,   210.04,   452.13
  459.79,   210.32,   577.13
  459.17,   210.60,   702.13
  459.81,   335.04,   451.84
  459.19,   335.32,   576.84
  458.56,   335.60,   701.84
  459.20,   460.03,   451.56
  458.58,   460.32,   576.56
  457.96,   460.60,   701.56
  208.86,   451.73,   210.16
  206.39,   450.86,   335.13
  203.91,   449.99,   460.10
  207.94,   576.73,   211.01
  205.47,   575.85,   335.99
  202.99,   574.98,   460.96
  207.02,   701.72,   211.87
  204.55,   700.85,   336.84
  202.08,   699.97,   461.81
  333.83,   452.64,   212.64
  331.36,   451.76,   337.61
  328.89,   450.89,   462.58
  332.91,   577.63,   213.49
  330.44,   576.75,   338.47
  327.97,   575.88,   463.44
  332.00,   702.62,   214.35
  329.52,   701.75,   339.32
  327.05,   700.87,   464.29
  458.80,   453.54,   215.12
  456.33,   452.66,   340.09
  453.86,   451.79,   465.06
  457.89,   578.53,   215.97
  455.41,   577.66,   340.95
  452.94,   576.78,   465.92
  456.97,   703.52,   216.83
  454.49,   702.65,   341.80
  452.02,   701.78,   466.77
  210.27,   451.56,   451.43
  206.71,   448.20,   576.34
  203.15,   444.85,   701.24
  210.79,   576.51,   454.80
  207.23,   573.16,   579.71
  203.67,   569.80,   704.61
  211.30,   701.46,   458.17
  207.74,   698.11,   583.08
  204.19,   694.76,   707.98
  335.22,   450.94,   454.98
  331.66,   447.59,   579.88
  328.10,   444.24,   704.78
  335.73,   575.90,   458.34
  332.18,   572.54,   583.25
  328.62,   569.19,   708.15
  336.25,   700.85,   461.71
  332.69,   697.50,   586.62
  329.14,   694.15,   711.52
  460.16,   450.33,   458.52
  456.61,   446.98,   583.42
  453.05,   443.63,   708.33
  460.68,   575.28,   461.89
  457.12,   571.93,   586.79
  453.57,   568.58,   711.69
  461.20,   700.24,   465.25
  457.64,   696.89,   590.16
  454.08,   693.53,   715.06
  449.69,   208.06,   208.84
  449.20,   206.07,   333.82
  448.71,   204.07,   458.80
  449.77,   333.05,   210.83
  449.28,   331.05,   335.81
  448.79,   329.06,   460.80
  449.85,   458.03,   212.83
  449.36,   456.04,   337.81
  448.87,   454.04,   462.79
  574.69,   207.97,   209.32
  574.20,   205.98,   334.31
  573.71,   203.98,   459.29
  574.77,   332.96,   211.32
  574.28,   330.96,   336.30
  573.79,   328.97,   461.29
  574.85,   457.94,   213.32
  574.36,   455.94,   338.30
  573.87,   453.95,   463.28
  699.69,   207.88,   209.81
  699.20,   205.89,   334.80
  698.71,   203.89,   459.78
  699.77,   332.87,   211.81
  699.28,   330.87,   336.79
  698.79,   328.87,   461.78
  699.85,   457.85,   213.81
  699.36,   455.85,   338.79
  698.87,   453.86,   463.77
  451.22,   210.76,   449.16
  453.15,   207.73,   574.11
  455.09,   204.70,   699.06
  448.98,   335.70,   452.22
  450.92,   332.67,   577.17
  452.85,   329.64,   702.12
  446.75,   460.64,   455.29
  448.68,   457.61,   580.24
  450.61,   454.58,   705.18
  576.19,   213.04,   447.28
  578.12,   210.01,   572.23
  580.05,   206.98,   697.18
  573.95,   337.98,   450.35
  575.88,   334.95,   575.29
  577.82,   331.92,   700.24
  571.71,   462.92,   453.41
  573.65,   459.89,   578.36
  575.58,   456.87,   703.31
  701.15,   215.32,   445.40
  703.08,   212.29,   570.35
  705.02,   209.26,   695.30
  698.91,   340.27,   448.47
  700.85,   337.24,   573.42
  702.78,   334.21,   698.36
  696.68,   465.21,   451.53
  698.61,   462.18,   576.48
  700.54,   459.15,   701.43
  448.43,   448.64,   209.47
  447.86,   446.21,   334.45
  447.30,   443.77,   459.42
  447.14,   573.61,   211.90
  446.58,   571.18,   336.88
  446.01,   568.74,   461.85
  445.86,   698.58,   214.33
  445.29,   696.15,   339.31
  444.72,   693.71,   464.28
  573.42,   449.92,   210.07
  572.86,   447.49,   335.04
  572.29,   445.05,   460.02
  572.14,   574.89,   212.50
  571.57,   572.46,   337.47
  571.00,   570.02,   462.45
  570.85,   699.86,   214.93
  570.28,   697.43,   339.90
  569.71,   694.99,   464.88
  698.42,   451.20,   210.66
  697.85,   448.76,   335.63
  697.28,   446.33,   460.61
  697.13,   576.17,   213.09
  696.56,   573.73,   338.06
  695.99,   571.30,   463.04
  695.84,   701.14,   215.52
  695.27,   698.70,   340.49
  694.70,   696.27,   465.47
  449.99,   451.47,   449.74
  447.20,   453.55,   574.69
  444.40,   455.63,   699.64
  453.08,   576.42,   447.73
  450.28,   578.49,   572.68
  447.49,   580.57,   697.63
  456.16,   701.36,   445.72
  453.36,   703.44,   570.67
  450.57,   705.52,   695.62
  574.92,   448.43,   452.58
  572.13,   450.51,   577.53
  569.33,   452.59,   702.48
  578.01,   573.38,   450.57
  575.21,   575.46,   575.52
  572.42,   577.54,   700.47
  581.09,   698.32,   448.56
  578.29,   700.40,   573.51
  575.50,   702.48,   698.46
  699.85,   445.40,   455.42
  697.06,   447.48,   580.38
  694.26,   449.55,   705.33
  702.94,   570.34,   453.41
  700.14,   572.42,   578.37
  697.35,   574.50,   703.32
  706.02,   695.29,   451.41
  703.22,   697.37,   576.36
  700.43,   699.45,   701.31
