200 pa4-B-Debug-Output.txt						
-10.52	-26.20	-15.11	-10.52	-26.20	-15.10	 0.01
 3.96	-7.36	55.29	 3.96	-7.34	55.29	 0.02
17.43	26.93	-3.57	17.42	26.91	-3.57	 0.02
-10.73	-29.18	-20.75	-10.74	-29.17	-20.75	 0.01
26.29	20.82	13.30	26.28	20.82	13.30	 0.01
-21.90	-18.54	-6.41	-21.90	-18.54	-6.40	 0.01
24.92	15.85	-28.04	24.91	15.84	-28.03	 0.02
-1.40	16.37	55.55	-1.42	16.39	55.55	 0.02
14.74	-2.15	-22.19	14.75	-2.16	-22.18	 0.01
-27.89	-11.15	-6.62	-27.89	-11.14	-6.61	 0.01
-6.85	 8.29	45.59	-6.85	 8.29	45.59	 0.00
-8.51	 7.19	-26.55	-8.51	 7.19	-26.55	 0.01
20.36	-12.12	-20.78	20.35	-12.13	-20.79	 0.01
20.72	-14.47	-17.29	20.72	-14.48	-17.30	 0.01
17.33	10.43	-27.80	17.33	10.43	-27.80	 0.00
26.11	 5.35	31.13	26.11	 5.35	31.13	 0.00
 5.86	-7.02	46.51	 5.86	-7.00	46.51	 0.02
-29.60	-24.11	-10.54	-29.59	-24.11	-10.54	 0.01
36.66	13.07	 7.13	36.65	13.07	 7.12	 0.01
-13.43	 5.50	-8.32	-13.43	 5.50	-8.32	 0.00
37.47	-1.07	-0.83	37.49	-1.09	-0.83	 0.03
37.38	 2.98	-14.38	37.37	 2.98	-14.38	 0.01
20.75	 3.28	-26.83	20.76	 3.28	-26.83	 0.00
-27.11	-12.16	-6.33	-27.11	-12.16	-6.32	 0.01
-4.27	-25.91	-26.79	-4.27	-25.91	-26.79	 0.00
-10.55	 7.05	-9.85	-10.55	 7.05	-9.85	 0.00
-39.74	-12.58	-35.60	-39.74	-12.58	-35.60	 0.01
37.58	-1.13	-4.43	37.61	-1.16	-4.43	 0.04
 2.11	-6.82	45.86	 2.11	-6.81	45.86	 0.01
16.16	 2.67	-21.72	16.17	 2.67	-21.71	 0.02
12.41	-6.26	45.91	12.40	-6.26	45.91	 0.01
-12.02	-27.77	-16.16	-12.02	-27.77	-16.16	 0.00
-3.56	19.04	11.23	-3.55	19.04	11.24	 0.01
12.04	-10.88	 8.62	12.04	-10.89	 8.62	 0.01
-38.54	-18.91	-37.58	-38.54	-18.91	-37.58	 0.01
-21.62	-20.09	-6.68	-21.62	-20.09	-6.68	 0.00
28.72	-1.47	18.77	28.74	-1.48	18.78	 0.02
14.19	23.61	21.73	14.19	23.60	21.73	 0.00
39.72	 4.80	 3.00	39.74	 4.80	 3.00	 0.02
14.71	-11.66	 5.44	14.71	-11.68	 5.46	 0.02
-4.85	-2.60	61.72	-4.85	-2.60	61.72	 0.00
17.25	26.25	 7.29	17.25	26.25	 7.29	 0.01
-16.16	-12.41	-3.08	-16.16	-12.41	-3.07	 0.00
 2.53	24.09	15.42	 2.52	24.09	15.42	 0.00
37.74	11.16	-6.21	37.73	11.15	-6.21	 0.01
-5.08	-0.75	62.71	-5.09	-0.75	62.72	 0.01
-31.40	-8.58	-7.18	-31.42	-8.56	-7.17	 0.02
-43.62	-5.55	-23.09	-43.61	-5.55	-23.09	 0.01
-5.71	-26.80	-24.09	-5.71	-26.80	-24.09	 0.00
32.23	18.40	-4.05	32.23	18.40	-4.05	 0.00
-0.95	-3.53	-28.24	-0.95	-3.53	-28.23	 0.00
10.61	-6.93	25.53	10.61	-6.94	25.53	 0.01
-36.63	 5.71	-25.42	-36.64	 5.71	-25.42	 0.01
31.74	13.80	-22.80	31.73	13.80	-22.80	 0.01
-39.78	-19.50	-17.40	-39.78	-19.50	-17.40	 0.00
33.00	 6.61	-24.48	33.01	 6.61	-24.49	 0.02
 4.27	-16.13	-20.86	 4.27	-16.13	-20.86	 0.00
-0.84	21.85	35.09	-0.84	21.86	35.09	 0.01
-31.58	 5.49	-15.10	-31.58	 5.50	-15.10	 0.00
-42.15	-17.34	-28.77	-42.14	-17.34	-28.77	 0.01
-37.58	-11.50	-10.55	-37.58	-11.50	-10.56	 0.01
-16.95	10.69	-34.46	-16.95	10.70	-34.46	 0.00
21.32	 0.71	48.75	21.30	 0.71	48.74	 0.01
19.08	23.93	14.52	19.07	23.92	14.51	 0.01
25.31	23.64	 5.74	25.30	23.63	 5.74	 0.02
-21.28	-30.66	-16.51	-21.28	-30.66	-16.51	 0.00
-9.71	-1.60	17.69	-9.71	-1.60	17.69	 0.00
12.94	16.64	-17.67	12.95	16.65	-17.67	 0.01
-34.93	-24.56	-15.98	-34.93	-24.56	-15.98	 0.00
-14.46	21.87	23.31	-14.46	21.87	23.31	 0.00
-3.94	-10.29	10.51	-3.93	-10.28	10.51	 0.01
28.23	16.44	-24.79	28.23	16.43	-24.78	 0.01
33.54	17.21	 5.87	33.53	17.21	 5.87	 0.01
26.22	20.21	14.36	26.22	20.21	14.37	 0.00
10.36	21.77	39.00	10.36	21.77	39.00	 0.01
26.84	-4.12	-26.48	26.83	-4.12	-26.48	 0.01
27.50	22.19	-18.23	27.49	22.19	-18.23	 0.01
29.09	20.68	 9.01	29.08	20.67	 9.01	 0.01
-40.81	-12.25	-30.31	-40.81	-12.25	-30.30	 0.01
-3.24	15.37	51.67	-3.25	15.38	51.67	 0.01
 6.29	17.97	62.77	 6.29	17.98	62.78	 0.02
32.67	12.65	12.58	32.68	12.65	12.58	 0.01
-24.87	11.28	-21.15	-24.87	11.28	-21.15	 0.00
20.80	 3.79	60.38	20.79	 3.79	60.38	 0.01
35.96	-2.94	 8.15	35.98	-2.96	 8.16	 0.03
35.28	14.97	-5.80	35.27	14.97	-5.80	 0.01
-6.38	 0.98	41.92	-6.39	 0.99	41.92	 0.01
-9.44	-25.19	-14.35	-9.44	-25.19	-14.35	 0.00
-14.19	 9.18	-18.18	-14.19	 9.18	-18.18	 0.00
-5.83	-0.41	47.85	-5.84	-0.41	47.85	 0.01
18.07	22.58	24.44	18.07	22.57	24.44	 0.01
29.95	 0.10	-27.70	29.96	 0.09	-27.71	 0.01
26.76	10.74	26.43	26.77	10.74	26.43	 0.01
-26.86	-27.32	-39.88	-26.86	-27.32	-39.88	 0.01
37.12	 4.08	-14.48	37.12	 4.08	-14.48	 0.00
 4.76	-6.55	-24.34	 4.76	-6.55	-24.33	 0.01
-2.36	-0.05	-27.67	-2.36	-0.05	-27.67	 0.01
31.23	15.45	12.62	31.24	15.45	12.63	 0.01
-37.22	-17.46	-11.89	-37.22	-17.46	-11.89	 0.00
23.91	24.29	 5.66	23.90	24.28	 5.66	 0.02
-7.34	-25.28	-36.54	-7.35	-25.28	-36.54	 0.01
31.90	11.57	-24.67	31.89	11.57	-24.67	 0.01
 2.35	-6.85	45.75	 2.35	-6.83	45.75	 0.02
10.38	-16.37	-8.73	10.38	-16.40	-8.73	 0.02
37.96	-0.81	-11.75	37.99	-0.82	-11.76	 0.03
-4.34	11.96	 2.06	-4.34	11.95	 2.07	 0.01
38.56	 1.98	-12.01	38.56	 1.98	-12.01	 0.00
-23.42	 3.52	-13.36	-23.42	 3.52	-13.37	 0.00
25.03	23.42	 7.25	25.02	23.41	 7.24	 0.01
 8.03	22.76	29.12	 8.03	22.77	29.13	 0.01
35.58	 0.05	11.29	35.59	 0.05	11.30	 0.02
-16.00	19.89	24.63	-15.99	19.89	24.63	 0.00
-38.16	 3.68	-22.41	-38.17	 3.68	-22.41	 0.00
-7.80	19.90	14.80	-7.80	19.91	14.80	 0.01
31.42	 2.22	-26.50	31.43	 2.22	-26.51	 0.01
-2.18	-7.69	-34.02	-2.18	-7.69	-34.02	 0.00
-16.32	11.13	-32.09	-16.31	11.15	-32.10	 0.02
-41.99	-14.14	-18.38	-41.99	-14.14	-18.38	 0.00
-12.62	-23.62	-43.02	-12.62	-23.61	-43.01	 0.01
27.16	10.35	25.45	27.17	10.35	25.45	 0.00
-34.85	-22.23	-12.85	-34.85	-22.23	-12.85	 0.01
31.44	19.40	-2.52	31.43	19.39	-2.52	 0.01
-16.21	-1.30	-46.98	-16.21	-1.30	-46.98	 0.00
 6.18	 6.34	-16.56	 6.17	 6.34	-16.55	 0.01
-14.40	11.14	-26.11	-14.40	11.15	-26.11	 0.01
-23.88	-8.73	-5.57	-23.88	-8.73	-5.57	 0.01
19.38	20.44	31.97	19.38	20.44	31.97	 0.00
14.40	-5.89	41.32	14.40	-5.88	41.32	 0.01
-38.07	-2.31	-39.33	-38.07	-2.31	-39.33	 0.00
-38.83	-17.76	-14.41	-38.82	-17.76	-14.42	 0.00
-7.83	12.21	39.90	-7.82	12.21	39.90	 0.01
21.42	-1.01	42.54	21.41	-1.01	42.54	 0.00
11.46	22.75	29.23	11.46	22.74	29.23	 0.00
32.77	12.99	-21.96	32.76	12.99	-21.96	 0.01
 9.41	11.73	-11.34	 9.42	11.72	-11.33	 0.02
18.08	17.11	-30.78	18.08	17.11	-30.77	 0.02
-7.29	22.34	17.31	-7.30	22.35	17.30	 0.01
11.52	23.27	25.32	11.52	23.28	25.32	 0.00
-34.68	 0.78	-40.67	-34.68	 0.78	-40.67	 0.01
-28.97	-31.15	-23.11	-28.97	-31.14	-23.11	 0.00
-43.42	-14.12	-24.11	-43.42	-14.12	-24.11	 0.01
-6.07	 1.32	60.03	-6.08	 1.31	60.03	 0.01
28.89	20.25	-20.49	28.88	20.24	-20.48	 0.02
-11.38	-28.87	-34.85	-11.38	-28.86	-34.84	 0.01
27.31	 0.65	24.28	27.31	 0.65	24.28	 0.01
28.73	17.65	13.77	28.73	17.66	13.77	 0.00
-5.17	-18.01	-8.31	-5.17	-18.01	-8.31	 0.00
15.52	24.60	-15.73	15.54	24.56	-15.73	 0.05
-31.25	-12.71	-46.84	-31.25	-12.71	-46.84	 0.00
17.75	14.79	-30.98	17.75	14.79	-30.98	 0.00
31.66	12.19	13.91	31.67	12.19	13.92	 0.01
24.54	12.82	32.41	24.54	12.82	32.41	 0.00
-37.31	 2.81	-34.22	-37.31	 2.82	-34.22	 0.01
-21.84	 3.03	-44.05	-21.84	 3.04	-44.06	 0.01
 5.37	-4.44	-23.54	 5.36	-4.45	-23.53	 0.01
12.15	26.13	-4.49	12.16	26.10	-4.48	 0.04
-6.51	21.39	15.65	-6.51	21.40	15.64	 0.01
-19.30	-27.76	-12.48	-19.30	-27.75	-12.48	 0.01
-3.37	-23.83	-30.42	-3.37	-23.83	-30.42	 0.00
-1.52	17.55	48.64	-1.53	17.56	48.65	 0.01
23.34	21.64	16.04	23.33	21.64	16.03	 0.01
-7.09	 5.60	60.43	-7.10	 5.60	60.43	 0.01
-15.37	-10.72	-1.18	-15.37	-10.72	-1.18	 0.01
-1.80	-0.38	-27.08	-1.79	-0.38	-27.08	 0.01
-11.91	-15.90	-4.80	-11.91	-15.90	-4.81	 0.00
13.97	-6.44	26.11	13.97	-6.45	26.11	 0.01
18.39	18.24	45.95	18.39	18.24	45.95	 0.01
23.07	22.05	15.36	23.06	22.04	15.35	 0.01
12.33	25.41	-7.43	12.35	25.38	-7.42	 0.04
 9.52	23.22	26.13	 9.52	23.22	26.13	 0.00
-22.89	11.95	-29.54	-22.89	11.96	-29.54	 0.01
14.82	-17.24	-9.48	14.82	-17.26	-9.49	 0.02
-21.68	-3.70	-47.54	-21.68	-3.71	-47.54	 0.01
-18.12	-30.65	-17.01	-18.13	-30.64	-17.01	 0.01
-3.14	 9.07	-11.10	-3.14	 9.06	-11.10	 0.01
14.54	11.62	63.15	14.54	11.62	63.16	 0.00
-41.13	-16.21	-30.88	-41.14	-16.21	-30.88	 0.01
10.70	20.84	54.28	10.70	20.85	54.28	 0.01
21.03	-10.65	-21.67	21.03	-10.64	-21.67	 0.00
-3.96	13.74	59.82	-3.97	13.75	59.82	 0.02
 6.03	-14.78	-20.17	 6.03	-14.79	-20.17	 0.00
15.22	-5.56	42.44	15.22	-5.56	42.44	 0.00
32.23	 4.76	-25.60	32.24	 4.76	-25.61	 0.01
16.60	-6.22	25.30	16.60	-6.22	25.30	 0.00
-5.95	10.66	 2.16	-5.95	10.65	 2.16	 0.01
-14.80	14.12	31.53	-14.78	14.13	31.51	 0.02
 6.43	-14.90	-19.12	 6.43	-14.90	-19.12	 0.01
17.32	 8.27	63.13	17.32	 8.27	63.14	 0.01
 7.49	17.69	-7.21	 7.51	17.69	-7.19	 0.03
39.00	 0.55	-9.78	39.03	 0.53	-9.78	 0.04
-9.03	 7.12	-31.35	-9.02	 7.13	-31.35	 0.02
31.47	15.15	12.47	31.47	15.15	12.48	 0.01
25.72	13.41	-29.03	25.71	13.39	-29.01	 0.02
16.94	22.56	-27.87	16.93	22.55	-27.86	 0.01
-8.58	-23.72	-13.14	-8.58	-23.72	-13.14	 0.00
 0.24	24.03	21.58	 0.24	24.04	21.58	 0.01
 4.16	24.30	11.22	 4.17	24.29	11.22	 0.01
-38.00	-6.83	-41.44	-38.00	-6.83	-41.43	 0.00
-16.85	-31.70	-32.30	-16.85	-31.69	-32.30	 0.01
-19.70	-0.41	-5.92	-19.70	-0.41	-5.92	 0.00
