27, 8, pa1-debug-b-output-1.txt
  198.18,   194.36,   192.75
  403.78,   407.83,   200.53
  210.07,   208.10,   211.26
  206.47,   210.49,   336.19
  202.86,   212.87,   461.11
  206.49,   333.03,   208.77
  202.89,   335.41,   333.70
  199.29,   337.79,   458.62
  202.92,   457.95,   206.29
  199.32,   460.33,   331.21
  195.71,   462.72,   456.14
  334.96,   211.75,   214.79
  331.36,   214.13,   339.72
  327.76,   216.51,   464.64
  331.39,   336.67,   212.31
  327.79,   339.06,   337.23
  324.19,   341.44,   462.16
  327.81,   461.60,   209.82
  324.21,   463.98,   334.74
  320.61,   466.36,   459.67
  459.86,   215.39,   218.32
  456.26,   217.78,   343.25
  452.66,   220.16,   468.18
  456.29,   340.32,   215.84
  452.68,   342.70,   340.76
  449.08,   345.08,   465.69
  452.71,   465.24,   213.35
  449.11,   467.62,   338.28
  445.51,   470.01,   463.20
  209.72,   211.89,   451.89
  213.40,   212.21,   576.84
  217.09,   212.53,   701.78
  208.60,   336.88,   451.60
  212.28,   337.20,   576.55
  215.97,   337.52,   701.50
  207.48,   461.88,   451.32
  211.16,   462.20,   576.26
  214.85,   462.52,   701.21
  334.66,   213.00,   448.20
  338.34,   213.32,   573.15
  342.03,   213.64,   698.10
  333.54,   337.99,   447.92
  337.23,   338.31,   572.86
  340.91,   338.64,   697.81
  332.42,   462.99,   447.63
  336.11,   463.31,   572.58
  339.79,   463.63,   697.52
  459.60,   214.11,   444.52
  463.29,   214.43,   569.46
  466.97,   214.75,   694.41
  458.48,   339.11,   444.23
  462.17,   339.43,   569.17
  465.85,   339.75,   694.12
  457.36,   464.10,   443.94
  461.05,   464.42,   568.89
  464.73,   464.74,   693.83
  210.87,   449.66,   211.36
  207.82,   446.41,   336.28
  204.78,   443.16,   461.20
  210.10,   574.62,   214.59
  207.05,   571.37,   339.51
  204.01,   568.12,   464.43
  209.33,   699.57,   217.82
  206.28,   696.32,   342.74
  203.23,   693.08,   467.66
  335.83,   450.35,   214.42
  332.79,   447.11,   339.34
  329.74,   443.86,   464.27
  335.06,   575.31,   217.65
  332.01,   572.06,   342.57
  328.97,   568.81,   467.50
  334.29,   700.27,   220.88
  331.24,   697.02,   345.81
  328.19,   693.77,   470.73
  460.79,   451.05,   217.49
  457.75,   447.80,   342.41
  454.70,   444.55,   467.33
  460.02,   576.00,   220.72
  456.97,   572.75,   345.64
  453.93,   569.51,   470.56
  459.25,   700.96,   223.95
  456.20,   697.71,   348.87
  453.15,   694.46,   473.79
  210.97,   449.87,   450.18
  212.70,   449.25,   575.17
  214.44,   448.63,   700.15
  210.38,   574.87,   450.81
  212.11,   574.25,   575.80
  213.85,   573.63,   700.78
  209.79,   699.87,   451.44
  211.52,   699.25,   576.42
  213.25,   698.63,   701.41
  335.96,   450.47,   448.45
  337.69,   449.85,   573.44
  339.42,   449.23,   698.42
  335.37,   575.47,   449.08
  337.10,   574.85,   574.07
  338.83,   574.23,   699.05
  334.77,   700.47,   449.71
  336.51,   699.85,   574.69
  338.24,   699.23,   699.68
  460.94,   451.07,   446.72
  462.68,   450.45,   571.71
  464.41,   449.83,   696.69
  460.35,   576.07,   447.35
  462.09,   575.45,   572.33
  463.82,   574.83,   697.32
  459.76,   701.07,   447.98
  461.49,   700.45,   572.96
  463.23,   699.83,   697.95
  451.00,   208.27,   209.37
  450.55,   209.25,   334.36
  450.10,   210.22,   459.36
  452.01,   333.26,   208.40
  451.55,   334.24,   333.39
  451.10,   335.22,   458.39
  453.01,   458.25,   207.42
  452.56,   459.23,   332.42
  452.11,   460.21,   457.41
  576.00,   207.27,   209.83
  575.54,   208.25,   334.82
  575.09,   209.22,   459.82
  577.00,   332.26,   208.85
  576.55,   333.24,   333.85
  576.10,   334.21,   458.85
  578.01,   457.25,   207.88
  577.56,   458.23,   332.88
  577.10,   459.21,   457.87
  700.99,   206.27,   210.29
  700.54,   207.24,   335.28
  700.09,   208.22,   460.28
  702.00,   331.26,   209.31
  701.55,   332.24,   334.31
  701.09,   333.21,   459.30
  703.00,   456.25,   208.34
  702.55,   457.23,   333.34
  702.10,   458.20,   458.33
  449.43,   209.89,   450.48
  446.29,   208.40,   575.44
  443.14,   206.91,   700.39
  451.87,   334.85,   452.04
  448.73,   333.36,   576.99
  445.59,   331.87,   701.94
  454.31,   459.82,   453.59
  451.17,   458.33,   578.54
  448.03,   456.84,   703.49
  574.36,   207.41,   453.60
  571.22,   205.92,   578.55
  568.08,   204.43,   703.50
  576.80,   332.37,   455.15
  573.66,   330.88,   580.10
  570.52,   329.40,   705.05
  579.25,   457.34,   456.70
  576.11,   455.85,   581.65
  572.96,   454.36,   706.60
  699.30,   204.93,   456.71
  696.16,   203.44,   581.66
  693.02,   201.95,   706.61
  701.74,   329.90,   458.26
  698.60,   328.41,   583.21
  695.46,   326.92,   708.16
  704.18,   454.86,   459.81
  701.04,   453.37,   584.76
  697.90,   451.88,   709.71
  448.62,   451.19,   209.70
  445.44,   449.06,   334.64
  442.25,   446.93,   459.58
  448.67,   576.17,   211.83
  445.49,   574.04,   336.77
  442.31,   571.91,   461.72
  448.73,   701.16,   213.97
  445.54,   699.02,   338.91
  442.36,   696.89,   463.85
  573.58,   451.09,   212.88
  570.40,   448.95,   337.82
  567.21,   446.82,   462.76
  573.63,   576.07,   215.01
  570.45,   573.94,   339.96
  567.27,   571.80,   464.90
  573.69,   701.05,   217.15
  570.50,   698.92,   342.09
  567.32,   696.78,   467.03
  698.54,   450.98,   216.06
  695.35,   448.85,   341.00
  692.17,   446.71,   465.95
  698.59,   575.96,   218.20
  695.41,   573.83,   343.14
  692.23,   571.70,   468.08
  698.64,   700.94,   220.33
  695.46,   698.81,   345.27
  692.28,   696.68,   470.21
  450.28,   451.97,   450.16
  448.30,   449.59,   575.12
  446.32,   447.21,   700.09
  453.93,   576.89,   452.60
  451.95,   574.51,   577.56
  449.97,   572.13,   702.52
  457.58,   701.81,   455.04
  455.60,   699.43,   580.00
  453.62,   697.05,   704.96
  575.21,   448.28,   452.07
  573.23,   445.90,   577.04
  571.25,   443.52,   702.00
  578.86,   573.20,   454.51
  576.88,   570.82,   579.47
  574.90,   568.44,   704.43
  582.51,   698.13,   456.95
  580.53,   695.75,   581.91
  578.55,   693.37,   706.87
  700.14,   444.59,   453.98
  698.16,   442.21,   578.95
  696.18,   439.83,   703.91
  703.79,   569.51,   456.42
  701.81,   567.13,   581.38
  699.83,   564.75,   706.34
  707.44,   694.44,   458.86
  705.46,   692.06,   583.82
  703.48,   689.68,   708.78
