27, 8, pa1-debug-f-output-1.txt
  198.97,   195.13,   193.65
  401.85,   403.17,   209.23
  208.89,   210.88,   208.35
  206.09,   207.87,   333.29
  203.29,   204.86,   458.22
  210.33,   335.84,   211.40
  207.53,   332.83,   336.33
  204.73,   329.82,   461.26
  211.77,   460.79,   214.44
  208.97,   457.78,   339.37
  206.17,   454.77,   464.31
  333.85,   209.37,   211.12
  331.05,   206.36,   336.05
  328.25,   203.35,   460.98
  335.29,   334.33,   214.16
  332.49,   331.32,   339.09
  329.69,   328.31,   464.03
  336.73,   459.28,   217.21
  333.93,   456.27,   342.14
  331.13,   453.26,   467.07
  458.81,   207.86,   213.88
  456.01,   204.85,   338.82
  453.21,   201.84,   463.75
  460.25,   332.82,   216.93
  457.45,   329.81,   341.86
  454.65,   326.80,   466.79
  461.69,   457.77,   219.97
  458.89,   454.76,   344.90
  456.09,   451.75,   469.83
  209.86,   208.34,   448.99
  206.26,   207.74,   573.94
  202.66,   207.15,   698.89
  207.28,   333.31,   449.52
  203.68,   332.72,   574.46
  200.08,   332.12,   699.41
  204.70,   458.28,   450.04
  201.10,   457.69,   574.98
  197.50,   457.09,   699.93
  334.78,   210.90,   452.61
  331.18,   210.31,   577.55
  327.58,   209.71,   702.50
  332.20,   335.88,   453.13
  328.60,   335.28,   578.07
  325.00,   334.69,   703.02
  329.62,   460.85,   453.65
  326.02,   460.25,   578.59
  322.42,   459.66,   703.54
  459.70,   213.47,   456.22
  456.10,   212.87,   581.16
  452.50,   212.28,   706.11
  457.12,   338.44,   456.74
  453.52,   337.85,   581.69
  449.92,   337.25,   706.63
  454.54,   463.41,   457.26
  450.94,   462.82,   582.21
  447.34,   462.22,   707.15
  209.39,   450.76,   209.65
  210.88,   450.73,   334.65
  212.36,   450.69,   459.64
  206.21,   575.72,   209.73
  207.70,   575.69,   334.72
  209.18,   575.65,   459.71
  203.04,   700.68,   209.80
  204.52,   700.65,   334.79
  206.01,   700.61,   459.78
  334.34,   453.94,   208.17
  335.83,   453.90,   333.16
  337.31,   453.87,   458.15
  331.16,   578.90,   208.24
  332.65,   578.86,   333.23
  334.13,   578.83,   458.23
  327.99,   703.86,   208.32
  329.47,   703.82,   333.31
  330.96,   703.79,   458.30
  459.29,   457.12,   206.69
  460.78,   457.08,   331.68
  462.26,   457.05,   456.67
  456.12,   582.08,   206.76
  457.60,   582.04,   331.75
  459.08,   582.01,   456.74
  452.94,   707.04,   206.83
  454.42,   707.00,   331.82
  455.91,   706.97,   456.82
  210.35,   448.50,   450.99
  211.19,   445.92,   575.96
  212.02,   443.35,   700.94
  210.60,   573.47,   453.57
  211.44,   570.90,   578.54
  212.28,   568.32,   703.51
  210.85,   698.45,   456.15
  211.69,   695.87,   581.12
  212.53,   693.29,   706.09
  335.35,   448.27,   450.15
  336.18,   445.69,   575.12
  337.02,   443.11,   700.09
  335.60,   573.24,   452.73
  336.44,   570.66,   577.70
  337.27,   568.08,   702.67
  335.85,   698.21,   455.30
  336.69,   695.63,   580.27
  337.53,   693.06,   705.25
  460.34,   448.03,   449.31
  461.18,   445.45,   574.28
  462.02,   442.88,   699.25
  460.60,   573.00,   451.89
  461.43,   570.43,   576.86
  462.27,   567.85,   701.83
  460.85,   697.98,   454.46
  461.69,   695.40,   579.43
  462.52,   692.82,   704.40
  448.12,   208.27,   209.85
  448.69,   207.31,   334.85
  449.25,   206.35,   459.84
  447.31,   333.27,   210.82
  447.88,   332.30,   335.81
  448.44,   331.34,   460.81
  446.50,   458.26,   211.78
  447.07,   457.30,   336.78
  447.64,   456.34,   461.77
  573.12,   209.08,   209.29
  573.68,   208.12,   334.29
  574.25,   207.16,   459.28
  572.31,   334.08,   210.26
  572.87,   333.12,   335.25
  573.44,   332.15,   460.25
  571.50,   459.07,   211.22
  572.07,   458.11,   336.22
  572.63,   457.15,   461.21
  698.11,   209.90,   208.73
  698.68,   208.94,   333.72
  699.24,   207.97,   458.72
  697.30,   334.89,   209.70
  697.87,   333.93,   334.69
  698.44,   332.97,   459.69
  696.49,   459.88,   210.66
  697.06,   458.92,   335.66
  697.63,   457.96,   460.65
  449.67,   211.14,   450.72
  448.77,   210.10,   575.72
  447.88,   209.07,   700.71
  450.01,   336.13,   451.76
  449.12,   335.10,   576.75
  448.22,   334.06,   701.75
  450.35,   461.13,   452.80
  449.46,   460.09,   577.79
  448.57,   459.06,   702.78
  574.66,   210.79,   451.61
  573.77,   209.75,   576.61
  572.88,   208.72,   701.60
  575.01,   335.78,   452.65
  574.11,   334.75,   577.64
  573.22,   333.71,   702.64
  575.35,   460.78,   453.69
  574.46,   459.74,   578.68
  573.56,   458.71,   703.67
  699.66,   210.43,   452.51
  698.77,   209.40,   577.50
  697.87,   208.37,   702.49
  700.00,   335.43,   453.54
  699.11,   334.40,   578.54
  698.22,   333.36,   703.53
  700.35,   460.43,   454.58
  699.45,   459.39,   579.57
  698.56,   458.36,   704.56
  449.59,   448.48,   211.18
  449.09,   446.40,   336.16
  448.60,   444.32,   461.14
  452.14,   573.43,   213.27
  451.65,   571.35,   338.25
  451.15,   569.28,   463.23
  454.70,   698.39,   215.35
  454.20,   696.31,   340.33
  453.71,   694.23,   465.32
  574.56,   445.91,   211.63
  574.07,   443.84,   336.61
  573.57,   441.76,   461.59
  577.11,   570.87,   213.72
  576.62,   568.79,   338.70
  576.13,   566.71,   463.68
  579.67,   695.83,   215.80
  579.17,   693.75,   340.79
  578.68,   691.67,   465.77
  699.53,   443.35,   212.08
  699.04,   441.27,   337.06
  698.55,   439.20,   462.04
  702.09,   568.31,   214.17
  701.59,   566.23,   339.15
  701.10,   564.15,   464.13
  704.64,   693.27,   216.26
  704.15,   691.19,   341.24
  703.65,   689.11,   466.22
  448.45,   450.97,   451.02
  449.98,   447.29,   575.96
  451.50,   443.60,   700.90
  444.98,   575.87,   454.75
  446.51,   572.18,   579.69
  448.03,   568.50,   704.62
  441.52,   700.76,   458.47
  443.04,   697.08,   583.41
  444.57,   693.40,   708.35
  573.39,   454.48,   449.60
  574.92,   450.80,   574.54
  576.44,   447.11,   699.47
  569.93,   579.38,   453.33
  571.45,   575.69,   578.26
  572.98,   572.01,   703.20
  566.46,   704.28,   457.05
  567.98,   700.59,   581.99
  569.51,   696.91,   706.93
  698.34,   457.99,   448.18
  699.86,   454.31,   573.12
  701.39,   450.62,   698.05
  694.87,   582.89,   451.91
  696.39,   579.21,   576.84
  697.92,   575.52,   701.78
  691.40,   707.79,   455.63
  692.93,   704.10,   580.57
  694.45,   700.42,   705.50
